A = 2012, 1986, 1960
B = 2013, 1987, 1961
C = 2014, 1988, 1962
D = 2015, 1989, 1963
E = 2016, 1990, 1964
F = 2017, 1991, 1965
G = 2018, 1992, 1966
H = 2019, 1993, 1967
I = 1994, 1968
J = 1995, 1969
K = 1996, 1970
L = 1997, 1971
M = 1998, 1972
N = 1999, 1973
O = 2000, 1974
P = 2001, 1975
Q = 2002, 1976
R = 2003, 1977
S = 2004, 1978
T = 2005, 1979
U = 2006, 1980
V = 2007, 1981
W = 2008, 1982
X = 2009, 1983
Y = 2010, 1984
Z = 2011, 1985

			2008	2009	2010	2011	2012	2013	2014	2015	2016	2017	2018	2019	2020	2021
January		38		50		62		74		86		01		13		25		37		49		61		73		85		01
February	39		51		63		75		87		02		14		26		38		50		62		74		86		02
March		40		52		64		76		88		03		15		27		39		51		63		75		87		03
April		41		53		65		77		89		04		16		28		40		52		64		76		88		04
May			42		54		66		78		90		05		17		29		41		53		65		77		89		05
June		43		55		67		79		91		06		18		30		42		54		66		78		90		06
July		44		56		68		80		92		07		19		31		43		55		67		79		91		07
August		45		57		69		81		93		08		20		32		44		56		68		80		92		08
September	46		58		70		82		94		09		21		33		45		57		69		81		93		09
October		47		59		71		83		95		10		22		34		46		58		70		82		94		10
November	48		60		72		84		96		11		23		35		47		59		71		83		95		11
December	49		61		73		85		97		12		24		36		48		60		72		84		96		12